W1
-------
1.7023632260432922  -0.5127094566714732  -0.9501461894143939  0.21859919947691386  -1.3096315311825746
2.184407122695261  0.16014060212086212  -0.6905922266412945  -1.4590868434974953  -2.163141685730117
1.4691760021724882  1.8586964130689665  -0.26558278867976265  0.7465815871259021  -2.059138149946494
1.469087773576703  3.323767314927356  0.33769340734736203  2.0424260041039375  -1.883209640990842
-1.4600026898838527  0.35478523067032314  -0.4317416765444512  0.11216996531575425  0.9168011454444029

w2
-------
1.7023632260432922  -0.5127094566714732  -0.9501461894143939
2.184407122695261  0.16014060212086212  -0.6905922266412945
1.4691760021724882  1.8586964130689665  -0.26558278867976265
1.469087773576703  3.323767314927356  0.33769340734736203
-1.4600026898838527  0.35478523067032314  -0.4317416765444512  
