W1
-------
0.4041296411322754  0.6353206041425035  0.6404949926600303  0.034578173818434955  0.8530423185942836
0.04143494180623973  0.8762693681375872  0.5286403080123967  0.3636640897098147  0.2292459075710085
0.3198626010138594  0.9847956007563605  0.09517877622379856  0.26977007685702115  0.8219713146852407
0.7765583709302974  0.11915621357447319  0.26212240303565393  0.875160208212669  0.3651836326614222
0.6451654358874255  0.0030145625004580428  0.5304637631149048  0.27989791937205266  0.5131036393062084

w2
-------
0.4041296411322754  0.6353206041425035  0.6404949926600303
0.04143494180623973  0.8762693681375872  0.5286403080123967
0.3198626010138594  0.9847956007563605  0.09517877622379856
0.7765583709302974  0.11915621357447319  0.26212240303565393
0.6451654358874255  0.0030145625004580428  0.5304637631149048  
