W1
-------
0.8402813619042979  0.5098045594769294  0.500260251897123  0.7003700450470768  0.23706660332944882
0.09940349363242833  0.9625525615701903  0.8652149886637218  0.6416696723796863  0.028731868061356542
0.4628767869310887  0.24113063341941188  0.4360453953816865  0.5118266950901107  0.5815103347377877
0.45826204507168616  0.28999469643517495  0.13163568985147686  0.6883473673093317  0.7931701801844578
0.051545025125029856  0.5022537328643952  0.2862396263824997  0.6954484226933406  0.31457762188494

w2
-------
0.8402813619042979  0.5098045594769294  0.500260251897123
0.09940349363242833  0.9625525615701903  0.8652149886637218
0.4628767869310887  0.24113063341941188  0.4360453953816865
0.45826204507168616  0.28999469643517495  0.13163568985147686
0.051545025125029856  0.5022537328643952  0.2862396263824997  
